2010-11-25T11:55:00.000Z	Agent007		I can't seem to decide which font is the most suitable for my desktop environment
2010-11-25T11:56:00.000Z	Agent007		I just want to know what cool people font is
2010-11-25T11:56:00.000Z	Agent007		nomtv, what do you font?
2010-11-25T11:56:00.000Z	Primedeath	Agent007	wingdings.
